image: ss2.pgm
resolution: 0.050000
origin: [-13.487744, -34.635953, 0.000000]
negate: 0
occupied_thresh: 0.65
free_thresh: 0.196

